20.745797348
20.8059743881
20.7227888107
20.7263282776
20.6767711639
20.6732311249
20.6413722992
20.6307537079
20.5776554108
20.5705760956
20.4909297943
20.5422574997
20.5157091141
20.4590713501
20.4449123383
20.4219036102
20.4059743881
20.4130535126
20.3918149948
20.3086288452
20.3068593979
20.3245584488
20.232522583
20.1953546524
20.2130540848
20.1971246719
20.12278862
20.1192489624
20.0962398529
20.0856201172
20.0449121475
20.023673439
19.9847352982
19.9245582581
19.9015493393
19.8838506699
19.8413726807
19.8484519958
19.7988945007
19.800664711
19.7139389038
19.70154953
19.6785406113
19.6767709732
19.6679208755
19.590045166
19.5741157532
19.5935852051
19.5634967804
19.4661510468
19.5015493393
19.4201332092
19.4342927933
19.3953544617
19.3369476318
19.3688064575
19.3334079742
19.3139390945
19.2909301758
19.1988945007
19.188274765
19.186505127
19.1316373825
19.131637764
19.1334077835
19.0431423187
18.9918148041
18.9794250488
18.990045166
18.9599569321
18.9440273285
18.8820804596
18.876770401
18.8307533264
18.8378324509
18.7865055084
18.7280982971
18.6466823578
18.6626113892
18.6502222061
18.6661514282
18.7670368195
18.8289831161
18.986505127
19.0413724899
19.2165937424
19.457301712
19.6289833069
19.8042047501
20.0148237228
20.1670362473
20.3422574997
20.5847354889
20.644912529
20.6927000046
20.7210187912
20.7599561691
20.7103990555
20.7404874802
20.731637764
20.7440275192
20.7918153763
20.813053894
20.8927000046
20.7988945007
20.8484521866
20.8838504791
20.8714609146
20.9033189774
20.9493368149
21.0077440262
21.0042041779
21.0042039871
21.0378322601
21.0785402298
21.0519916534
21.0466819763
21.0803100586
21.0095136642
21.0555316925
21.0696912766
21.0980093002
21.0803104401
21.0997797012
21.0997795105
21.1316379547
21.1139389038
21.1528768539
21.2325231552
21.1918146133
21.1953550339
21.1829654694
21.2059743881
21.142257309
21.1475669861
21.1617259979
21.2024345398
21.221903038
21.154646492
21.1564165115
21.142257309
21.1918149948
21.1599563599
21.1050888062
21.1192483902
21.1033191681
21.1298681259
21.0714607239
21.064381218
21.0891605377
21.0502222061
21.0307529449
21.0856199265
21.0714607239
21.0873897552
21.0396022797
21.1440273285
21.1404870987
21.1174783707
21.0767709732
21.0820800781
21.0059740067
21.0537614822
21.0732307434
21.0537620544
21.0413726807
21.0396024704
21.0236732483
21.0891597748
21.1174783707
21.1404872894
21.1050891876
21.0696910858
21.0342927933
20.9988941193
20.9776556015
20.942257309
20.9050891876
20.9599563599
20.9103988647
20.9139389038
20.9139387131
20.8219039917
20.8573013306
20.8944698334
20.8785406113
20.7581863403
20.8183641434
20.8378326416
21.0325227737
21.0803104401
21.1581865311
21.2997797012
21.2643814087
21.3776556015
21.3971242905
21.4714611053
21.4732305527
21.5404874802
21.6024347305
21.6661514282
21.6449123383
21.7564165115
21.7475671768
21.7457971573
21.7440273285
21.7688064575
21.7847351074
21.7369474411
21.7440273285
21.7351779938
21.7404874802
21.7404876709
21.7971246719
21.8183635712
21.823673439
21.855532074
21.7723463058
21.8466823578
21.8484523773
21.8449123383
21.8201330185
21.8573015213
21.8537620544
21.8856203079
21.7475675583
21.8502220154
21.7882749557
21.8289831161
21.8449121475
21.7829654694
21.8219032288
21.8042041779
21.8519918442
21.779425621
21.8095142365
21.7847354889
21.8289833069
21.7882749557
21.7829654694
21.7758857727
21.7829652786
21.7953548431
21.8006649017
21.775885582
21.7741157532
21.724559021
21.7599569321
21.745797348
21.7422571182
21.6944698334
21.7139390945
21.6626115799
21.6466821671
21.6289834976
21.5599565506
21.5263282776
21.4927000046
21.4590719223
21.4413722992
21.4732305527
21.4413721085
21.4183631897
21.4502218246
21.3776556015
21.3263278961
21.2750009537
21.2838502884
21.2820804596
21.2643815994
21.213053894
21.211284256
21.1829650879
21.1511068344
21.2183637619
21.1351774216
21.0997795105
21.0803106308
21.0767707825
21.044912529
20.979425621
20.9918151855
20.9953546524
21.0112838745
20.9688062668
20.92278862
20.9369478226
20.8608411789
